DISTRICT,DPST00FP,DPST01FP,DPST06FP,DPST11FP,DPST20FP,YEAR
'001902,6.9,32.9,13.9,24.3,22.0,1997
'001903,7.5,31.2,11.2,27.7,22.4,1997
'001904,5.0,16.8,13.4,35.3,29.4,1997
'001906,3.5,37.7,10.4,34.6,13.9,1997
'001907,2.9,22.8,20.0,33.6,20.7,1997
'001908,5.7,21.1,15.5,35.5,22.1,1997
'001909,7.1,39.3,21.4,12.5,19.6,1997
'002901,3.3,22.6,18.5,31.9,23.7,1997
'003902,5.3,24.0,19.0,35.0,16.7,1997
'003903,3.9,25.2,13.5,33.8,23.6,1997
'003904,20.2,26.6,15.7,23.7,13.7,1997
'003905,5.7,31.1,14.2,24.3,24.8,1997
'003906,12.7,35.0,28.7,10.8,12.7,1997
'003907,6.7,22.4,27.3,31.1,12.6,1997
'004901,3.6,24.7,23.6,29.2,18.8,1997
'005901,3.9,21.1,11.8,37.5,25.7,1997
'005902,0.0,22.2,25.4,36.5,15.9,1997
'005903,22.6,43.4,11.3,22.6,0.0,1997
'005904,11.8,29.4,14.7,26.5,17.6,1997
'006902,5.1,18.0,30.9,25.7,20.2,1997
'007901,4.9,21.9,17.0,33.2,22.9,1997
'007902,2.2,20.0,17.7,31.0,29.1,1997
'007904,7.7,30.0,15.9,28.3,18.1,1997
'007905,6.7,26.6,19.4,27.1,20.2,1997
'007906,6.3,26.7,17.8,30.7,18.5,1997
'008901,3.8,26.3,19.6,23.3,27.0,1997
'008902,2.8,19.2,16.0,41.9,20.0,1997
'008903,5.7,28.8,14.4,31.2,19.9,1997
'009901,5.1,35.2,17.8,25.4,16.5,1997
'009903,17.6,41.2,5.9,29.4,5.9,1997
'010901,3.1,21.9,3.1,37.5,34.4,1997
'010902,6.0,32.7,19.8,24.2,17.3,1997
'011901,10.1,36.4,18.2,25.0,10.3,1997
'011902,7.3,24.8,22.6,30.1,15.3,1997
'011904,10.4,24.7,17.9,32.1,14.9,1997
'011905,16.7,16.7,58.3,8.3,0.0,1997
'012901,2.9,20.3,17.3,29.0,30.5,1997
'013901,8.2,28.6,14.9,31.2,17.1,1997
'013902,8.0,31.9,15.9,24.8,19.4,1997
'013903,13.1,23.5,16.0,18.6,28.8,1997
'013905,5.5,37.5,14.6,27.1,15.3,1997
'014901,1.5,38.7,8.0,33.9,17.9,1997
'014902,7.2,29.0,21.7,19.3,22.7,1997
'014903,3.1,20.9,21.7,34.5,19.8,1997
'014905,8.0,16.0,16.3,34.0,25.7,1997
'014906,11.2,34.6,17.9,24.0,12.2,1997
'014907,16.0,30.3,13.0,28.7,12.0,1997
'014908,1.8,21.4,30.4,26.8,19.6,1997
'014909,9.6,26.5,15.6,28.4,19.9,1997
'014910,10.7,27.2,16.0,34.2,11.9,1997
'015801,11.2,67.1,0.0,10.5,11.2,1997
'015802,0.0,66.7,0.0,33.3,0.0,1997
'015901,2.1,12.9,14.6,36.1,34.3,1997
'015904,4.7,26.9,18.4,28.1,21.9,1997
'015905,8.7,32.1,17.3,24.4,17.4,1997
'015906,2.4,16.6,15.4,39.5,26.1,1997
'015907,3.2,20.4,13.5,32.9,30.0,1997
'015908,5.5,27.0,14.9,29.5,23.1,1997
'015909,9.0,33.1,18.2,30.3,9.3,1997
'015910,4.8,25.9,18.1,30.8,20.4,1997
'015911,4.8,31.0,19.3,29.2,15.6,1997
'015912,9.9,41.4,18.2,19.8,10.8,1997
'015913,1.4,27.6,13.8,30.2,27.0,1997
'015914,9.7,14.6,19.5,32.9,23.3,1997
'015915,5.9,26.0,16.8,31.0,20.2,1997
'015916,5.7,24.6,17.6,32.5,19.5,1997
'015917,8.1,27.5,24.5,24.9,14.9,1997
'016901,1.8,21.8,21.8,30.9,23.6,1997
'016902,0.0,31.9,30.5,20.2,17.4,1997
'017901,0.0,19.9,10.0,49.5,20.7,1997
'018901,10.7,28.9,16.6,23.5,20.3,1997
'018902,11.0,16.4,11.0,35.9,25.7,1997
'018903,11.4,11.4,28.6,34.3,14.3,1997
'018904,14.1,11.7,14.0,42.4,17.8,1997
'018905,5.8,11.7,11.7,35.0,35.8,1997
'018906,13.1,26.3,14.6,13.1,32.9,1997
'018907,14.6,44.6,12.6,19.8,8.4,1997
'018908,5.7,37.9,16.7,39.7,0.0,1997
'019901,8.4,28.0,18.9,28.1,16.6,1997
'019902,1.3,17.5,20.0,33.7,27.5,1997
'019903,6.1,12.1,18.2,48.5,15.2,1997
'019905,5.3,18.7,24.6,31.5,19.9,1997
'019906,4.7,23.7,16.1,30.6,24.9,1997
'019907,6.5,22.9,13.9,30.8,25.8,1997
'019908,2.0,22.8,20.3,30.5,24.4,1997
'019909,7.7,24.8,18.0,31.5,18.0,1997
'019910,0.0,59.2,31.0,9.9,0.0,1997
'019911,0.0,20.5,41.1,28.2,10.3,1997
'019912,6.7,23.9,15.9,34.8,18.7,1997
'019913,12.5,0.0,50.0,37.5,0.0,1997
'019914,0.0,29.7,9.9,39.6,20.8,1997
'020901,9.4,33.1,17.7,23.3,16.4,1997
'020902,6.3,25.2,18.8,31.2,18.6,1997
'020904,1.7,34.0,30.2,19.2,15.0,1997
'020905,5.2,24.4,14.2,32.2,24.0,1997
'020906,4.4,18.9,23.4,31.4,21.9,1997
'020907,5.8,19.7,14.6,29.4,30.5,1997
'020908,9.1,25.2,16.1,30.4,19.3,1997
'020910,16.5,43.5,19.5,16.5,4.1,1997
'021901,3.4,25.5,22.0,31.7,17.4,1997
'021902,8.0,34.9,16.2,24.5,16.4,1997
'022004,19.6,63.8,6.6,10.0,0.0,1997
'022901,7.4,26.5,17.2,21.5,27.5,1997
'022902,27.8,30.9,23.4,5.9,11.9,1997
'022903,0.0,0.0,24.6,73.7,1.8,1997
'023902,4.6,25.3,23.4,27.2,19.5,1997
'024901,2.4,14.6,12.0,33.4,37.6,1997
'025901,4.0,30.7,18.7,29.3,17.3,1997
'025902,5.2,26.6,13.5,31.2,23.5,1997
'025904,13.6,36.4,22.7,9.1,18.2,1997
'025905,8.5,25.5,25.5,21.3,19.2,1997
'025906,0.0,0.0,21.1,50.9,28.1,1997
'025908,11.0,16.6,22.1,33.8,16.6,1997
'025909,3.4,20.5,20.5,36.2,19.5,1997
'026901,5.8,25.3,14.6,31.7,22.6,1997
'026902,4.4,45.6,16.9,16.2,16.9,1997
'026903,15.6,22.2,17.8,31.1,13.3,1997
'027903,5.6,24.4,13.8,36.2,19.9,1997
'027904,2.6,28.5,16.8,32.8,19.3,1997
'028902,9.2,27.6,18.1,31.8,13.3,1997
'028903,7.0,19.1,23.1,26.8,24.1,1997
'028906,0.0,47.5,16.8,27.9,7.8,1997
'029901,5.4,26.6,12.8,28.1,27.1,1997
'030901,2.6,17.9,18.0,43.6,17.9,1997
'030902,4.8,30.6,24.0,27.4,13.2,1997
'030903,5.1,27.8,15.3,36.3,15.4,1997
'030906,8.4,37.0,16.8,27.3,10.5,1997
'031901,5.5,28.6,19.7,32.4,13.8,1997
'031903,5.3,25.3,19.2,31.2,18.9,1997
'031905,3.9,25.7,20.7,33.0,16.8,1997
'031906,10.3,29.4,20.1,27.8,12.3,1997
'031909,24.4,21.7,17.2,27.7,9.0,1997
'031911,12.4,28.4,10.9,33.8,14.5,1997
'031912,9.4,24.9,15.2,33.0,17.5,1997
'031913,14.8,25.4,14.8,33.9,11.1,1997
'031914,11.7,27.3,25.9,24.7,10.4,1997
'031916,4.2,25.3,22.3,32.5,15.7,1997
'032902,6.0,22.5,18.1,31.1,22.2,1997
'033901,5.1,15.4,15.5,36.0,27.9,1997
'033902,0.0,9.9,25.6,39.6,24.9,1997
'033904,0.0,17.1,13.7,41.5,27.7,1997
'034901,2.4,24.5,19.2,30.8,23.1,1997
'034902,10.2,15.4,15.4,25.6,33.5,1997
'034903,9.9,27.2,18.1,33.3,11.4,1997
'034905,3.3,26.1,18.5,33.7,18.5,1997
'034906,12.0,44.0,4.0,28.1,12.0,1997
'034907,8.5,21.8,16.1,30.5,23.0,1997
'034908,0.0,0.0,0.0,34.8,65.2,1997
'034909,0.0,23.8,9.5,38.1,28.6,1997
'035901,4.1,23.9,15.7,35.5,20.8,1997
'035902,0.0,27.7,16.2,25.4,30.7,1997
'035903,0.0,31.2,22.9,26.4,19.5,1997
'036901,9.8,27.2,16.3,28.7,18.0,1997
'036902,2.2,14.5,13.6,44.1,25.6,1997
'036903,9.5,28.6,27.4,28.6,6.0,1997
'037901,3.4,27.6,20.7,22.4,25.9,1997
'037904,6.4,29.3,17.6,29.5,17.3,1997
'037907,5.4,26.1,15.3,31.7,21.5,1997
'037908,9.1,39.4,24.2,15.2,12.1,1997
'037909,7.1,39.3,21.4,25.0,7.1,1997
'038901,2.7,15.2,29.2,30.9,22.0,1997
'039901,6.9,27.8,20.8,20.8,23.6,1997
'039902,6.4,18.6,22.9,31.8,20.3,1997
'039903,13.2,34.2,15.8,31.6,5.3,1997
'039904,5.7,34.3,0.0,49.4,10.6,1997
'039905,5.2,25.8,31.0,17.3,20.7,1997
'040901,5.3,22.4,14.5,43.4,14.5,1997
'040902,0.0,19.1,19.2,29.9,31.9,1997
'041901,5.4,37.3,18.9,30.3,8.1,1997
'041902,0.0,16.3,18.1,32.6,32.9,1997
'042901,5.1,27.9,13.2,33.4,20.3,1997
'042903,12.4,22.8,9.9,28.4,26.4,1997
'042905,6.6,22.3,8.9,40.1,22.0,1997
'042906,14.2,56.7,0.0,29.1,0.0,1997
'043901,7.5,31.7,15.9,30.4,14.4,1997
'043902,9.0,35.7,19.5,28.3,7.5,1997
'043903,11.1,32.1,9.0,31.9,15.8,1997
'043904,5.0,21.0,14.8,33.4,25.8,1997
'043905,5.9,34.5,19.5,29.8,10.2,1997
'043907,5.4,31.8,20.3,27.2,15.4,1997
'043908,10.6,36.1,24.3,25.3,3.6,1997
'043910,5.5,26.2,17.5,30.4,20.3,1997
'043911,5.3,32.5,14.5,32.5,15.2,1997
'043912,5.0,28.3,18.3,36.7,11.7,1997
'043914,7.5,33.8,21.2,23.9,13.6,1997
'043917,10.7,24.0,21.8,32.7,10.9,1997
'043918,10.6,31.1,27.9,25.2,5.3,1997
'043919,0.0,13.8,11.7,46.9,27.6,1997
'044902,3.4,21.9,16.8,30.2,27.8,1997
'044904,0.0,46.5,6.6,6.6,40.2,1997
'045902,1.9,19.1,23.8,37.1,18.1,1997
'045903,9.7,30.5,14.2,24.3,21.3,1997
'045905,2.0,14.0,22.0,22.0,39.9,1997
'046901,3.3,27.1,17.7,30.2,21.6,1997
'046902,5.6,25.0,19.1,34.3,16.1,1997
'047901,7.2,19.5,25.3,22.6,25.4,1997
'047902,1.6,19.1,25.1,31.8,22.5,1997
'047903,4.8,47.4,4.8,23.9,19.1,1997
'047905,0.0,21.3,0.0,42.6,36.1,1997
'048901,5.4,21.7,16.3,32.4,24.3,1997
'048903,5.6,26.0,39.5,17.5,11.3,1997
'049901,3.2,19.1,17.5,31.8,28.3,1997
'049902,0.0,33.8,24.7,22.5,19.0,1997
'049903,7.5,22.6,30.8,28.8,10.3,1997
'049905,5.4,19.2,17.8,31.5,26.1,1997
'049906,10.4,20.9,21.0,36.4,11.2,1997
'049907,2.7,18.9,18.9,43.2,16.2,1997
'049908,0.0,40.0,40.0,20.0,0.0,1997
'049909,0.0,29.1,56.4,14.5,0.0,1997
'050901,0.0,30.3,5.0,22.3,42.3,1997
'050902,3.8,24.7,10.1,29.7,31.8,1997
'050904,11.2,51.5,8.6,11.5,17.2,1997
'050909,0.0,5.3,21.1,36.8,36.8,1997
'050910,13.6,32.8,16.7,22.7,14.3,1997
'051901,2.8,22.2,8.1,35.6,31.3,1997
'052901,0.0,18.6,17.4,34.2,29.9,1997
'053001,3.7,23.7,18.7,32.6,21.2,1997
'054901,18.3,22.0,21.1,25.7,12.8,1997
'054902,7.7,30.8,15.4,28.2,17.8,1997
'054903,9.1,40.0,21.8,20.0,9.1,1997
'055901,4.7,35.9,18.9,23.4,17.1,1997
'056901,5.3,25.4,14.8,32.3,22.1,1997
'056902,5.9,20.5,17.6,21.2,34.9,1997
'057801,35.5,12.9,21.5,25.8,4.3,1997
'057804,100.0,0.0,0.0,0.0,0.0,1997
'057903,7.4,32.3,19.3,24.7,16.2,1997
'057904,11.3,27.8,18.4,30.0,12.4,1997
'057905,7.4,25.8,13.6,26.4,26.7,1997
'057906,8.5,24.3,18.4,28.0,20.9,1997
'057907,9.4,27.1,11.9,31.3,20.4,1997
'057909,7.6,30.6,16.8,25.4,19.5,1997
'057910,6.3,33.7,13.5,28.3,18.2,1997
'057911,8.3,26.9,13.0,28.4,23.4,1997
'057912,9.7,32.6,14.9,24.1,18.6,1997
'057913,19.8,26.4,13.9,24.6,15.3,1997
'057914,7.3,32.5,16.7,26.5,17.1,1997
'057916,8.5,21.1,15.5,30.0,24.8,1997
'057919,0.0,28.4,37.5,17.1,17.1,1997
'057920,4.2,30.6,19.4,27.3,18.5,1997
'057922,6.7,32.1,21.9,33.1,6.1,1997
'058902,10.0,20.0,15.0,30.0,25.0,1997
'058905,10.6,12.8,21.3,25.5,29.8,1997
'058906,6.2,23.9,18.7,30.0,21.1,1997
'058909,0.0,33.3,27.7,23.0,16.0,1997
'059901,9.1,30.4,15.8,26.3,18.4,1997
'059902,14.4,28.7,43.1,13.8,0.0,1997
'060902,1.5,28.1,19.7,29.5,21.1,1997
'060914,6.6,48.7,8.1,20.3,16.2,1997
'061901,6.7,24.9,21.4,29.4,17.7,1997
'061902,7.2,32.7,17.5,27.5,15.1,1997
'061903,14.0,20.5,28.1,36.3,1.1,1997
'061905,2.5,23.0,28.4,31.1,14.9,1997
'061906,16.0,50.5,20.9,12.7,0.0,1997
'061907,16.5,43.2,17.9,16.5,5.8,1997
'061908,10.2,36.4,16.0,24.0,13.4,1997
'061910,4.2,25.0,24.0,25.9,20.9,1997
'061911,7.3,30.3,17.1,35.1,10.1,1997
'061912,9.2,44.3,16.2,22.2,8.0,1997
'061914,22.1,31.2,18.4,22.7,5.6,1997
'062901,2.1,23.9,16.1,34.4,23.5,1997
'062902,6.6,13.2,6.6,39.5,34.1,1997
'062903,1.7,21.1,8.0,40.5,28.7,1997
'062904,3.8,26.1,18.4,25.7,26.0,1997
'062905,0.0,0.0,75.9,0.0,24.1,1997
'062906,9.5,19.0,0.0,52.4,19.0,1997
'063903,5.4,24.3,18.9,41.4,9.9,1997
'063906,8.6,51.4,5.7,34.3,0.0,1997
'064901,17.9,13.1,9.9,36.1,23.0,1997
'064903,6.7,27.0,13.8,32.0,20.4,1997
'065901,5.8,29.7,21.7,25.6,17.3,1997
'065902,4.9,33.0,23.7,35.5,3.0,1997
'066005,32.8,28.2,0.0,38.9,0.0,1997
'066901,3.4,10.2,11.6,31.9,42.9,1997
'066902,6.1,32.0,11.7,35.3,15.0,1997
'066903,6.8,15.7,16.8,29.2,31.5,1997
'067902,5.5,24.6,22.0,30.2,17.7,1997
'067903,6.8,18.7,25.3,28.4,20.8,1997
'067904,9.3,24.7,24.7,27.6,13.7,1997
'067907,5.9,15.6,15.6,33.2,29.7,1997
'067908,0.0,22.2,20.2,31.0,26.6,1997
'068901,9.1,30.0,18.0,25.5,17.4,1997
'069901,2.4,22.1,23.9,30.2,21.5,1997
'069902,9.4,18.7,9.4,43.8,18.7,1997
'070901,0.0,39.2,22.9,27.5,10.4,1997
'070903,2.3,24.2,18.0,34.4,21.1,1997
'070905,13.6,30.9,12.7,34.5,8.2,1997
'070907,3.9,31.4,25.5,23.5,15.7,1997
'070908,3.4,28.4,21.2,31.7,15.3,1997
'070909,0.0,35.0,15.0,40.0,10.0,1997
'070910,10.2,32.3,18.6,23.6,15.3,1997
'070911,11.2,26.6,15.8,32.0,14.4,1997
'070912,4.6,22.4,14.9,36.7,21.3,1997
'070915,9.4,50.1,9.3,21.8,9.4,1997
'071901,10.0,32.1,17.5,27.4,13.0,1997
'071902,5.3,26.6,17.6,28.7,21.8,1997
'071903,6.3,40.0,17.8,24.3,11.6,1997
'071904,12.8,47.4,16.4,18.9,4.5,1997
'071905,9.9,25.6,16.4,30.2,17.8,1997
'071906,14.5,20.0,27.3,34.5,3.6,1997
'071907,6.5,30.1,14.3,33.6,15.5,1997
'071908,8.2,46.9,10.2,24.5,10.2,1997
'071909,7.1,31.5,22.4,28.0,11.0,1997
'072901,0.0,45.2,45.2,9.7,0.0,1997
'072902,7.8,28.9,12.2,32.3,18.9,1997
'072903,1.9,21.1,22.0,31.7,23.3,1997
'072904,12.5,25.0,37.5,25.0,0.0,1997
'072908,9.5,28.6,23.8,19.0,19.0,1997
'072909,2.6,20.6,15.4,56.3,5.1,1997
'072910,0.0,15.0,0.0,51.1,33.9,1997
'073901,0.0,29.7,29.7,37.6,3.0,1997
'073903,18.2,23.2,16.1,19.7,22.7,1997
'073904,42.0,24.6,11.5,19.0,2.9,1997
'073905,2.6,30.9,22.0,23.2,21.3,1997
'074903,11.0,24.2,15.1,29.5,20.2,1997
'074904,13.9,37.0,9.3,30.5,9.3,1997
'074905,20.7,31.0,20.3,28.0,0.0,1997
'074907,1.6,40.6,10.2,25.7,21.9,1997
'074909,12.2,24.6,15.8,31.6,15.8,1997
'074911,10.4,32.2,8.4,23.7,25.3,1997
'074912,9.6,6.7,30.4,26.7,26.7,1997
'074917,8.6,28.6,8.6,28.6,25.7,1997
'075901,0.0,21.0,14.0,42.0,23.1,1997
'075902,0.8,20.2,21.0,32.2,25.8,1997
'075903,6.7,20.2,21.9,20.2,30.8,1997
'075906,4.8,28.8,9.6,28.3,28.5,1997
'075908,0.0,25.0,18.7,28.1,28.1,1997
'076903,12.1,21.2,30.3,21.2,15.2,1997
'076904,10.1,19.2,10.1,35.2,25.4,1997
'077901,4.8,29.6,16.0,23.8,25.8,1997
'077902,3.0,25.7,24.3,28.8,18.2,1997
'078901,6.5,33.8,26.0,18.2,15.6,1997
'079901,7.6,30.1,13.9,26.4,22.0,1997
'079906,2.1,25.6,20.1,33.2,19.0,1997
'079907,4.3,27.7,20.8,33.0,14.2,1997
'079908,0.0,35.6,23.7,23.7,17.0,1997
'079910,12.1,32.8,15.0,26.9,13.2,1997
'080901,6.0,30.8,14.9,31.2,17.1,1997
'081902,1.8,17.0,21.9,31.9,27.5,1997
'081904,3.9,21.9,15.5,33.5,25.2,1997
'081905,6.0,29.9,17.9,34.2,12.0,1997
'081906,0.0,66.7,0.0,16.7,16.7,1997
'082902,2.5,28.0,17.4,35.7,16.4,1997
'082903,9.4,29.2,15.5,26.5,19.3,1997
'083901,4.8,33.3,17.4,30.0,14.5,1997
'083902,0.0,22.2,5.6,50.0,22.2,1997
'083903,3.0,14.2,20.2,40.9,21.7,1997
'084901,8.5,29.4,17.9,24.2,20.1,1997
'084902,21.7,18.6,9.7,24.4,25.6,1997
'084903,17.9,32.1,25.0,14.3,10.7,1997
'084904,10.6,29.6,14.4,23.6,21.8,1997
'084906,4.5,20.7,16.5,26.7,31.6,1997
'084908,8.9,25.9,16.0,34.1,15.0,1997
'084909,6.8,26.0,15.1,34.9,17.2,1997
'084910,3.5,20.1,20.8,33.2,22.4,1997
'084911,3.4,29.7,20.9,32.1,13.8,1997
'085902,4.3,16.0,29.3,26.6,23.9,1997
'085903,11.7,11.7,20.8,55.8,0.0,1997
'086024,0.0,0.0,100.0,0.0,0.0,1997
'086901,2.4,22.1,17.4,30.6,27.5,1997
'086902,16.6,6.6,29.9,30.2,16.6,1997
'087901,0.0,14.3,22.9,42.9,20.0,1997
'088902,6.9,29.6,23.2,27.8,12.4,1997
'089901,5.6,30.2,15.1,24.1,25.0,1997
'089903,6.4,26.5,12.7,29.0,25.5,1997
'089905,4.2,33.3,12.5,33.3,16.7,1997
'090902,5.5,12.6,25.2,37.8,18.9,1997
'090903,4.6,18.4,12.5,28.2,36.3,1997
'090904,3.9,25.8,19.3,32.0,19.0,1997
'090905,0.0,33.3,33.3,33.3,0.0,1997
'091901,1.6,29.1,27.5,22.8,19.0,1997
'091902,7.3,19.4,29.8,24.2,19.4,1997
'091903,7.8,20.3,13.1,28.5,30.4,1997
'091905,4.5,31.4,15.3,26.3,22.4,1997
'091906,9.3,25.1,14.7,29.3,21.6,1997
'091907,5.9,49.2,14.1,14.1,16.8,1997
'091908,8.9,22.2,11.8,39.3,17.8,1997
'091909,9.7,25.5,17.3,21.5,26.0,1997
'091910,5.8,24.2,23.4,30.9,15.7,1997
'091913,5.8,30.5,17.4,30.1,16.2,1997
'091914,0.7,15.6,16.0,48.6,19.1,1997
'091917,6.4,37.4,28.2,24.8,3.2,1997
'091918,5.3,31.5,21.0,36.8,5.5,1997
'092901,1.9,25.9,23.3,25.9,23.1,1997
'092902,6.6,18.7,15.3,29.2,30.3,1997
'092903,4.4,24.3,15.7,34.3,21.3,1997
'092904,5.9,17.9,19.9,30.6,25.7,1997
'092906,0.0,27.8,14.4,27.7,30.1,1997
'092907,2.9,18.6,17.2,35.9,25.3,1997
'092908,4.0,9.1,13.6,35.2,38.1,1997
'093901,14.5,24.4,14.7,29.3,17.1,1997
'093903,2.7,27.1,21.7,30.5,17.9,1997
'093904,9.1,30.3,18.7,27.8,14.1,1997
'093905,0.0,52.9,11.8,23.5,11.8,1997
'094901,6.5,28.1,16.5,27.2,21.7,1997
'094902,9.9,35.4,15.5,23.4,15.8,1997
'094903,2.5,20.6,24.2,32.1,20.6,1997
'094904,4.6,25.6,21.7,29.3,18.9,1997
'095901,0.7,18.2,19.6,37.8,23.8,1997
'095902,9.8,35.5,20.3,19.3,15.2,1997
'095903,4.9,31.0,26.1,20.1,17.9,1997
'095904,0.0,23.3,13.8,29.9,33.1,1997
'095905,9.3,29.7,19.0,25.8,16.2,1997
'096904,7.5,24.8,23.7,34.7,9.3,1997
'096905,3.9,27.1,19.4,33.3,16.3,1997
'096908,26.0,49.6,1.9,0.0,22.5,1997
'097902,4.3,24.8,17.2,29.4,24.3,1997
'097903,2.0,22.5,32.9,23.6,19.0,1997
'098901,2.7,20.9,24.7,24.2,27.6,1997
'098903,8.3,16.7,50.0,16.7,8.3,1997
'098904,1.5,23.0,20.8,34.6,20.1,1997
'099902,0.0,33.3,12.5,33.3,20.8,1997
'099903,1.5,16.7,11.4,38.1,32.3,1997
'100903,6.6,25.6,18.3,30.1,19.4,1997
'100904,1.2,27.5,19.6,31.3,20.4,1997
'100905,8.1,21.5,14.8,37.6,18.1,1997
'100907,6.0,27.2,21.4,32.8,12.6,1997
'100908,7.4,27.6,24.0,29.5,11.6,1997
'101801,100.0,0.0,0.0,0.0,0.0,1997
'101802,0.0,50.0,25.0,25.0,0.0,1997
'101803,60.0,40.0,0.0,0.0,0.0,1997
'101804,66.1,28.3,5.7,0.0,0.0,1997
'101805,40.2,23.3,20.2,10.1,6.2,1997
'101806,0.0,40.0,40.0,20.0,0.0,1997
'101902,9.6,34.8,15.6,25.9,14.1,1997
'101903,9.5,36.6,16.5,22.2,15.2,1997
'101905,14.4,21.8,17.5,28.4,17.9,1997
'101906,6.8,29.8,18.9,28.2,16.2,1997
'101907,4.9,26.7,20.2,33.4,14.8,1997
'101908,0.3,27.2,19.3,33.9,19.4,1997
'101909,6.9,18.6,10.6,32.9,31.1,1997
'101910,12.6,34.3,15.1,22.7,15.3,1997
'101911,6.9,18.6,19.6,31.9,22.9,1997
'101912,8.3,25.7,17.2,26.3,22.5,1997
'101913,4.6,25.8,19.9,33.5,16.1,1997
'101914,4.6,25.5,21.1,34.0,14.9,1997
'101915,3.4,18.8,18.5,37.9,21.4,1997
'101916,5.0,22.1,17.5,29.4,26.0,1997
'101917,6.6,28.7,14.9,28.2,21.6,1997
'101919,6.7,24.4,17.2,36.0,15.7,1997
'101920,8.2,26.8,19.7,26.4,18.9,1997
'101921,5.5,32.7,18.9,29.3,13.5,1997
'101924,11.3,23.3,13.2,26.5,25.7,1997
'101925,6.2,23.4,22.0,38.9,9.6,1997
'102901,5.3,26.3,18.4,42.1,7.9,1997
'102902,5.4,21.3,18.9,29.3,25.0,1997
'102903,9.2,33.5,8.0,25.5,23.9,1997
'102904,3.1,16.4,14.6,41.7,24.2,1997
'102905,4.4,27.2,11.9,31.2,25.4,1997
'102906,1.3,20.0,20.6,31.5,26.6,1997
'103901,0.0,38.1,33.6,9.3,19.1,1997
'103902,11.1,22.2,27.8,16.7,22.2,1997
'104901,4.5,31.8,7.6,24.3,31.8,1997
'104902,10.5,31.4,15.2,16.0,26.9,1997
'104903,5.3,2.7,15.9,44.2,31.9,1997
'104907,0.0,38.8,25.8,13.8,21.6,1997
'105902,6.2,19.4,19.4,36.1,19.0,1997
'105904,3.9,26.1,19.1,35.2,15.5,1997
'105905,6.4,21.0,22.9,32.9,16.7,1997
'105906,5.6,26.6,19.0,29.7,19.1,1997
'106901,1.3,12.1,13.6,34.9,38.0,1997
'107901,4.0,26.5,18.5,31.1,19.9,1997
'107902,5.0,26.4,19.5,27.1,22.0,1997
'107904,8.7,21.7,26.1,28.3,15.2,1997
'107905,5.5,35.1,15.5,22.1,21.8,1997
'107906,9.1,35.6,11.6,23.4,20.4,1997
'107907,13.8,44.9,20.7,10.4,10.2,1997
'107908,0.0,21.4,35.7,21.4,21.4,1997
'107910,0.0,19.4,16.7,13.9,50.0,1997
'108801,25.4,25.4,0.0,49.2,0.0,1997
'108902,16.9,32.0,16.4,27.1,7.6,1997
'108903,5.7,31.2,12.8,34.8,15.6,1997
'108904,5.9,27.2,19.8,31.7,15.5,1997
'108905,4.3,33.4,20.3,32.4,9.6,1997
'108906,2.9,22.0,21.1,32.6,21.3,1997
'108907,3.6,26.9,13.8,34.2,21.5,1997
'108908,3.4,29.1,20.1,32.1,15.2,1997
'108909,6.1,29.5,15.7,33.1,15.6,1997
'108910,8.6,48.2,12.2,20.1,10.8,1997
'108911,4.8,31.9,18.4,31.6,13.2,1997
'108912,7.3,38.5,20.8,24.3,9.2,1997
'108913,8.8,34.2,18.0,25.2,13.9,1997
'108914,7.0,25.0,14.3,36.8,17.0,1997
'108915,8.6,20.0,25.7,34.3,11.4,1997
'108916,7.9,42.3,25.3,17.2,7.2,1997
'109901,0.0,13.0,19.5,47.5,19.9,1997
'109902,8.5,40.5,19.4,25.1,6.4,1997
'109903,18.7,28.1,23.4,18.7,11.0,1997
'109904,7.6,28.9,18.3,24.0,21.2,1997
'109905,14.6,17.5,17.5,32.8,17.5,1997
'109907,6.2,24.8,26.9,26.6,15.5,1997
'109908,0.0,33.3,50.0,16.7,0.0,1997
'109910,25.0,12.5,12.5,37.5,12.5,1997
'109911,5.4,39.1,25.0,21.7,8.7,1997
'109912,0.0,30.3,12.1,24.2,33.3,1997
'109913,8.3,29.0,12.4,24.9,25.3,1997
'109914,8.3,24.9,16.7,16.7,33.4,1997
'110901,15.9,26.7,15.9,22.3,19.1,1997
'110902,2.2,20.8,15.3,36.8,24.8,1997
'110905,3.5,27.4,21.3,32.9,14.9,1997
'110906,27.3,34.3,13.8,15.6,9.1,1997
'110907,2.4,23.9,15.9,35.9,21.9,1997
'110908,10.8,5.4,16.3,40.3,27.1,1997
'111901,20.3,24.6,17.4,24.1,13.6,1997
'111902,12.5,28.0,20.0,28.0,11.5,1997
'111903,5.9,35.3,11.8,32.4,14.7,1997
'112901,1.9,20.4,16.6,38.5,22.6,1997
'112905,12.1,31.4,36.3,4.0,16.1,1997
'112906,0.0,25.4,31.7,23.8,19.0,1997
'112907,0.0,27.9,23.5,25.8,22.9,1997
'112908,6.4,31.8,30.2,19.0,12.7,1997
'112909,4.8,23.9,19.1,38.3,13.9,1997
'112910,5.1,25.4,10.2,46.9,12.5,1997
'113901,8.0,26.3,16.4,27.0,22.3,1997
'113902,3.1,15.5,14.0,44.9,22.5,1997
'113903,0.0,24.7,19.4,34.4,21.5,1997
'113905,2.8,31.3,19.9,28.4,17.6,1997
'113906,2.5,22.5,27.5,26.3,21.2,1997
'114901,4.5,22.6,17.0,33.0,22.9,1997
'114902,0.0,16.4,18.2,34.3,31.1,1997
'114904,4.4,22.2,15.6,33.3,24.4,1997
'115901,17.9,43.3,11.9,11.9,14.9,1997
'115902,11.8,41.3,17.6,17.6,11.7,1997
'115903,17.0,44.8,8.4,29.8,0.0,1997
'116901,7.9,17.8,21.0,37.1,16.2,1997
'116902,2.2,27.9,24.2,32.3,13.4,1997
'116903,9.7,22.5,21.2,32.2,14.3,1997
'116905,8.9,28.8,15.1,25.4,21.8,1997
'116906,10.1,29.3,14.1,30.3,16.2,1997
'116908,6.8,44.3,15.0,23.5,10.4,1997
'116909,0.0,31.7,24.9,28.6,14.8,1997
'116910,30.4,6.9,20.8,28.0,13.9,1997
'116915,9.1,18.2,27.3,30.3,15.2,1997
'116916,21.8,43.9,4.9,14.7,14.7,1997
'117901,3.9,26.5,17.0,36.5,16.1,1997
'117903,5.1,31.5,15.8,24.3,23.2,1997
'117904,3.0,14.8,11.8,52.7,17.7,1997
'117907,0.0,50.0,40.0,10.0,0.0,1997
'118902,5.9,23.6,26.6,29.5,14.4,1997
'119901,8.7,34.6,34.6,13.0,9.2,1997
'119902,3.2,25.4,22.1,31.4,18.0,1997
'119903,5.5,37.0,24.8,32.8,0.0,1997
'120901,5.6,20.6,13.0,39.2,21.6,1997
'120902,0.0,17.6,21.9,31.2,29.3,1997
'120905,8.9,20.3,19.0,31.7,20.1,1997
'121902,0.0,42.3,7.7,34.6,15.4,1997
'121903,0.0,22.7,19.1,32.7,25.5,1997
'121904,8.3,18.2,10.9,40.9,21.7,1997
'121905,5.7,26.7,13.3,38.1,16.2,1997
'121906,4.2,11.0,30.1,30.1,24.6,1997
'122901,5.6,35.2,13.1,36.6,9.5,1997
'122902,7.1,42.9,7.1,21.4,21.4,1997
'123905,3.4,17.1,21.3,31.4,26.9,1997
'123907,7.8,29.3,14.9,22.3,25.7,1997
'123908,2.8,18.2,18.6,35.9,24.5,1997
'123910,5.9,22.1,16.0,30.3,25.8,1997
'123913,4.3,25.6,4.3,32.6,33.3,1997
'123914,3.8,23.3,21.8,30.8,20.3,1997
'124901,6.8,20.1,11.6,38.2,23.3,1997
'125901,5.3,29.8,13.9,31.5,19.5,1997
'125902,2.4,17.1,17.0,58.6,4.9,1997
'125903,8.6,17.2,17.2,36.6,20.4,1997
'125905,7.9,27.0,10.5,29.4,25.1,1997
'125906,14.3,14.3,28.6,28.6,14.3,1997
'126901,7.7,29.5,21.0,27.7,14.2,1997
'126902,4.6,26.7,15.7,37.5,15.6,1997
'126903,5.9,20.2,21.6,30.4,21.8,1997
'126904,3.8,17.8,19.0,37.2,22.2,1997
'126905,5.5,34.9,17.4,30.4,11.8,1997
'126906,3.6,37.3,23.1,17.8,18.2,1997
'126907,5.6,38.2,23.6,25.0,7.7,1997
'126908,8.7,47.1,13.0,17.3,13.9,1997
'126911,12.1,37.0,13.9,26.2,10.8,1997
'127901,9.7,28.3,18.4,22.0,21.6,1997
'127903,10.3,25.8,22.3,29.5,12.1,1997
'127904,5.8,39.0,17.8,27.0,10.5,1997
'127905,5.0,5.0,15.0,32.5,42.4,1997
'127906,8.2,26.3,18.0,26.8,20.8,1997
'128901,1.2,29.5,13.0,39.9,16.5,1997
'128902,8.6,27.9,15.0,21.6,26.9,1997
'128903,7.7,35.7,14.9,20.8,20.8,1997
'128904,0.0,13.8,24.1,34.9,27.2,1997
'129901,13.2,31.0,17.6,30.4,7.8,1997
'129902,3.1,37.6,19.2,31.4,8.8,1997
'129903,2.8,35.8,20.6,25.0,15.8,1997
'129904,12.2,27.9,20.9,31.0,7.9,1997
'129905,6.1,31.0,15.2,31.6,16.2,1997
'129906,4.7,32.3,16.0,25.7,21.3,1997
'129910,5.2,34.6,16.8,28.6,14.7,1997
'130901,5.5,22.0,17.6,35.9,18.9,1997
'130902,5.0,25.1,26.0,27.5,16.3,1997
'131001,0.0,14.1,0.0,42.2,43.7,1997
'132902,0.0,15.3,15.3,40.6,28.8,1997
'133901,14.7,33.4,26.0,16.6,9.2,1997
'133902,0.0,33.3,0.0,41.7,25.0,1997
'133903,2.7,20.4,17.2,34.5,25.1,1997
'133904,4.1,24.3,20.3,34.8,16.5,1997
'133905,0.0,66.7,0.0,0.0,33.3,1997
'134901,6.9,26.4,19.4,31.7,15.6,1997
'135001,0.0,17.3,11.5,51.9,19.3,1997
'136901,15.5,22.4,15.5,24.2,22.4,1997
'137901,2.9,22.7,16.2,33.6,24.6,1997
'137902,2.4,19.3,16.9,48.2,13.3,1997
'137903,3.5,26.4,12.3,34.8,22.9,1997
'137904,5.3,33.7,24.6,22.4,14.0,1997
'138901,0.0,45.5,36.4,0.0,18.2,1997
'138902,0.0,14.0,12.8,37.8,35.4,1997
'138903,0.0,15.8,23.7,34.2,26.3,1997
'138904,8.4,12.7,11.3,33.8,33.8,1997
'139905,1.7,28.5,18.4,33.8,17.6,1997
'139908,6.0,19.2,19.2,28.9,26.6,1997
'139909,3.3,20.5,19.3,40.3,16.6,1997
'139911,3.4,24.9,21.0,27.7,23.0,1997
'139912,2.9,12.9,20.1,34.7,29.4,1997
'140901,4.7,30.2,27.9,23.3,14.0,1997
'140904,10.4,16.6,18.7,34.3,20.1,1997
'140905,11.2,42.0,11.2,21.0,14.6,1997
'140906,0.0,24.7,21.6,39.2,14.4,1997
'140907,0.0,21.7,26.5,31.1,20.8,1997
'140908,0.0,8.3,16.5,45.1,30.1,1997
'141901,7.9,27.2,16.3,22.9,25.7,1997
'141902,0.0,34.6,19.2,38.5,7.7,1997
'142901,10.2,30.4,15.8,31.4,12.2,1997
'143901,1.4,13.8,17.8,30.4,36.6,1997
'143902,0.0,24.9,24.9,17.8,32.5,1997
'143903,2.3,18.2,11.4,27.3,40.9,1997
'143904,0.0,39.5,23.9,26.0,10.6,1997
'143905,0.0,0.0,37.9,44.2,17.9,1997
'143906,0.0,0.0,32.2,64.4,3.4,1997
'144901,5.8,21.6,24.2,29.9,18.5,1997
'144902,8.0,21.6,16.1,34.9,19.4,1997
'144903,6.3,19.4,9.7,29.6,35.0,1997
'145901,1.6,33.0,15.7,30.9,18.8,1997
'145902,6.8,25.1,19.4,27.1,21.6,1997
'145906,7.5,29.0,22.0,26.4,15.1,1997
'145907,0.0,37.0,11.1,33.3,18.5,1997
'145911,2.5,36.0,10.2,24.0,27.2,1997
'146901,6.6,30.0,14.8,30.1,18.6,1997
'146902,11.4,26.0,20.9,30.2,11.5,1997
'146903,7.7,53.8,7.7,7.7,23.1,1997
'146904,5.3,25.5,20.2,33.0,16.0,1997
'146905,9.7,14.3,23.6,31.6,20.9,1997
'146906,4.7,25.9,14.7,28.3,26.4,1997
'146907,8.4,28.5,20.4,26.0,16.7,1997
'147901,3.8,33.9,18.8,26.3,17.2,1997
'147902,6.0,22.6,15.9,36.0,19.5,1997
'147903,7.7,27.3,19.4,30.6,15.0,1997
'148901,0.0,20.2,16.6,26.1,37.1,1997
'148902,0.0,10.9,10.9,35.2,43.0,1997
'148903,3.0,18.2,12.1,36.4,30.3,1997
'148905,0.0,12.5,25.0,37.5,25.0,1997
'149901,4.4,16.7,15.6,38.9,24.4,1997
'149902,4.1,19.2,20.5,28.8,27.4,1997
'150901,3.5,21.6,14.7,32.7,27.6,1997
'152901,6.6,27.2,14.8,29.0,22.5,1997
'152902,8.2,32.7,14.3,24.5,20.4,1997
'152903,8.8,28.4,15.9,30.2,16.7,1997
'152906,6.8,28.0,23.1,25.8,16.2,1997
'152907,4.4,21.3,26.3,34.5,13.5,1997
'152908,2.5,31.0,24.6,30.1,11.8,1997
'152909,6.4,30.7,17.5,36.4,9.0,1997
'152910,1.6,22.3,17.4,38.1,20.6,1997
'153903,5.3,15.8,21.9,34.1,22.9,1997
'153904,9.4,32.9,20.3,21.9,15.5,1997
'153905,0.0,16.3,21.7,48.9,13.1,1997
'153907,25.7,32.6,18.5,23.2,0.0,1997
'154901,4.7,19.0,17.1,30.3,29.0,1997
'154903,3.7,26.1,15.8,33.6,20.7,1997
'155901,0.8,22.0,12.8,38.4,26.1,1997
'156902,5.5,30.1,20.6,28.8,15.1,1997
'156905,0.0,14.4,19.2,38.2,28.2,1997
'157901,1.6,12.6,6.3,33.1,46.4,1997
'158901,6.6,27.6,15.2,30.4,20.1,1997
'158902,2.8,22.4,16.8,38.5,19.6,1997
'158904,0.0,44.4,22.2,11.1,22.2,1997
'158905,0.0,12.6,20.4,38.0,29.0,1997
'158906,2.8,20.8,12.5,37.5,26.4,1997
'159901,6.8,30.7,13.4,30.7,18.4,1997
'160901,5.4,23.7,14.5,33.7,22.6,1997
'160904,0.0,12.0,14.4,42.8,30.9,1997
'160905,0.0,31.4,7.8,23.5,37.3,1997
'161801,0.0,40.0,20.0,20.0,20.0,1997
'161901,0.0,15.9,18.5,47.7,17.9,1997
'161903,2.6,12.2,19.6,38.4,27.2,1997
'161906,9.8,25.7,21.1,21.2,22.2,1997
'161907,5.0,20.5,20.1,42.3,12.1,1997
'161908,1.9,34.2,23.1,23.1,17.7,1997
'161909,7.8,28.7,13.8,25.7,24.0,1997
'161910,4.4,31.4,13.3,28.6,22.3,1997
'161912,5.1,17.9,15.3,28.5,33.2,1997
'161914,6.7,27.2,17.9,25.2,23.1,1997
'161916,2.1,27.9,12.1,44.5,13.4,1997
'161918,2.6,35.9,20.5,23.1,17.9,1997
'161919,0.0,45.5,10.7,27.0,16.8,1997
'161920,9.4,17.6,20.0,37.6,15.3,1997
'161921,6.7,26.7,14.9,29.5,22.2,1997
'161922,1.7,21.2,17.8,39.1,20.2,1997
'161923,19.2,44.7,9.6,14.4,12.0,1997
'161924,0.0,22.2,22.2,44.4,11.1,1997
'161925,9.1,36.4,27.3,27.3,0.0,1997
'162904,0.0,20.1,15.1,44.7,20.1,1997
'163901,5.8,19.7,14.0,34.5,26.0,1997
'163902,8.9,8.9,24.3,31.2,26.7,1997
'163903,10.7,32.2,21.5,18.8,16.8,1997
'163904,4.0,31.5,12.1,28.2,24.2,1997
'163908,10.4,23.7,21.4,28.5,16.1,1997
'164901,0.0,26.8,9.7,41.6,21.9,1997
'165901,5.4,30.2,19.2,26.6,18.6,1997
'165902,4.1,30.9,20.6,29.9,14.4,1997
'166901,4.0,20.2,11.3,43.0,21.4,1997
'166902,8.3,8.3,25.0,58.3,0.0,1997
'166903,9.5,31.5,27.5,15.8,15.8,1997
'166904,9.7,14.7,17.3,39.9,18.4,1997
'166905,7.9,29.0,13.2,29.0,20.9,1997
'166907,9.8,29.6,6.6,46.0,8.1,1997
'167901,5.1,25.7,18.8,23.0,27.4,1997
'167902,45.7,31.0,5.2,15.5,2.6,1997
'167903,6.2,44.5,18.5,18.5,12.3,1997
'167904,16.3,49.0,24.5,0.0,10.2,1997
'168901,3.3,26.3,22.0,29.1,19.3,1997
'168902,0.0,31.8,22.7,31.8,13.6,1997
'168903,9.9,39.5,0.0,24.7,25.9,1997
'169901,4.2,19.6,16.9,41.2,18.0,1997
'169902,10.5,26.9,18.6,28.4,15.7,1997
'169906,0.0,46.2,15.4,23.1,15.4,1997
'169908,0.0,0.0,49.0,51.0,0.0,1997
'169909,0.0,40.8,7.4,51.8,0.0,1997
'169910,5.8,36.6,28.8,17.3,11.5,1997
'169911,8.1,43.1,8.1,30.0,10.8,1997
'170902,6.3,24.2,18.3,32.6,18.7,1997
'170903,7.3,31.2,13.6,30.7,17.3,1997
'170904,5.7,33.1,17.1,27.4,16.6,1997
'170906,18.8,32.5,12.8,25.0,10.8,1997
'170907,7.8,30.5,24.1,28.5,9.1,1997
'170908,10.5,21.3,19.7,29.5,19.0,1997
'171901,6.7,30.7,13.8,32.8,16.0,1997
'171902,5.7,35.6,15.1,34.2,9.4,1997
'172902,3.4,20.7,10.3,41.9,23.7,1997
'172905,2.6,13.6,27.5,35.4,21.0,1997
'173901,4.1,24.6,29.7,29.2,12.3,1997
'174901,11.0,25.6,18.3,19.4,25.6,1997
'174902,17.1,12.2,19.5,26.8,24.4,1997
'174903,9.1,29.8,16.4,20.5,24.2,1997
'174904,6.5,19.9,19.6,32.3,21.6,1997
'174906,4.5,23.8,20.8,36.6,14.3,1997
'174908,4.0,26.5,41.7,21.9,6.0,1997
'174909,0.0,44.4,14.8,33.3,7.4,1997
'174910,0.0,90.9,9.1,0.0,0.0,1997
'174911,7.4,33.3,33.3,18.5,7.4,1997
'175902,0.0,30.1,22.0,33.7,14.2,1997
'175903,4.6,24.3,12.4,30.1,28.7,1997
'175904,7.0,32.5,11.6,26.9,22.0,1997
'175905,5.8,32.0,13.4,32.0,16.8,1997
'175907,1.7,34.5,13.8,35.2,14.8,1997
'175910,5.4,24.3,16.6,26.7,27.1,1997
'175911,4.1,32.7,22.4,20.4,20.4,1997
'176901,16.3,20.9,14.0,20.9,27.9,1997
'176902,8.4,23.4,16.1,26.0,26.2,1997
'176903,8.3,20.0,13.3,41.7,16.7,1997
'177901,7.8,10.4,20.7,36.4,24.7,1997
'177902,4.6,26.7,15.7,32.7,20.3,1997
'177903,5.2,46.7,11.8,20.8,15.6,1997
'177905,14.8,14.8,9.2,41.4,19.8,1997
'178801,100.0,0.0,0.0,0.0,0.0,1997
'178802,25.0,75.0,0.0,0.0,0.0,1997
'178901,3.2,24.2,9.5,28.5,34.7,1997
'178902,3.9,15.5,20.0,33.0,27.7,1997
'178903,5.3,24.8,19.2,34.3,16.4,1997
'178904,2.9,19.5,20.0,34.5,23.1,1997
'178905,20.0,20.0,20.0,10.0,30.0,1997
'178906,6.7,13.3,13.3,53.3,13.3,1997
'178908,0.0,9.6,33.4,35.7,21.3,1997
'178909,9.2,30.9,16.0,29.9,14.1,1997
'178912,1.9,27.8,20.0,27.8,22.4,1997
'178913,2.8,31.1,14.1,32.5,19.5,1997
'178914,1.9,24.0,20.8,32.8,20.4,1997
'178915,7.7,33.8,17.4,26.1,15.0,1997
'179901,4.8,21.3,18.4,35.2,20.3,1997
'180901,3.8,22.9,22.9,31.5,18.8,1997
'180902,6.3,18.9,9.4,37.7,27.6,1997
'180903,0.0,37.8,15.1,15.1,32.0,1997
'180904,0.0,50.0,37.5,12.5,0.0,1997
'181901,5.3,14.0,19.5,31.3,29.8,1997
'181905,2.0,25.1,11.9,40.1,20.9,1997
'181906,4.7,17.6,14.2,23.2,40.3,1997
'181907,5.0,22.3,22.4,28.1,22.2,1997
'181908,4.7,29.5,18.6,30.7,16.4,1997
'182901,10.3,10.3,18.8,52.8,7.8,1997
'182902,17.2,8.6,14.3,37.2,22.7,1997
'182903,4.6,29.7,15.4,29.6,20.7,1997
'182904,0.0,32.4,23.5,26.5,17.6,1997
'182905,4.8,38.1,9.5,19.0,28.6,1997
'182906,12.5,50.0,25.0,12.5,0.0,1997
'183901,2.5,31.7,18.5,34.4,12.9,1997
'183902,1.2,23.7,14.5,32.8,27.7,1997
'183904,4.2,41.2,29.4,12.6,12.6,1997
'184901,3.3,46.7,23.3,23.3,3.3,1997
'184902,8.5,24.2,19.3,32.7,15.2,1997
'184903,6.9,24.1,17.8,29.9,21.4,1997
'184904,5.9,19.6,17.6,41.2,15.7,1997
'184907,6.9,22.9,21.8,33.1,15.2,1997
'184908,3.5,37.7,22.6,28.7,7.5,1997
'184909,0.0,32.6,25.0,27.4,15.0,1997
'184911,0.0,41.4,6.9,34.5,17.2,1997
'185901,4.0,39.7,16.4,19.1,20.9,1997
'185902,2.1,41.6,26.7,12.2,17.4,1997
'185903,1.0,24.1,21.5,30.3,23.0,1997
'185904,7.8,34.6,15.1,23.2,19.2,1997
'186901,13.6,27.2,21.8,23.8,13.6,1997
'186902,5.1,33.7,14.2,30.2,16.9,1997
'186903,0.0,17.6,11.1,42.4,29.0,1997
'187901,3.3,26.2,19.6,26.2,24.8,1997
'187903,29.7,31.3,0.0,22.3,16.7,1997
'187904,7.4,28.7,27.7,20.2,15.9,1997
'187906,0.0,25.1,15.1,25.1,34.7,1997
'187907,9.5,23.0,19.2,24.8,23.5,1997
'187910,3.0,50.9,12.0,23.9,10.3,1997
'188901,6.0,29.5,19.0,28.0,17.5,1997
'188902,6.4,27.8,22.1,30.4,13.3,1997
'188903,0.0,21.5,22.5,35.1,20.9,1997
'188904,0.0,51.5,3.0,27.3,18.2,1997
'189901,7.1,16.5,11.8,34.0,30.6,1997
'189902,14.2,27.8,20.1,21.1,16.8,1997
'190903,1.1,22.4,21.4,36.7,18.4,1997
'191901,4.6,21.6,20.7,33.7,19.5,1997
'192901,3.6,20.7,14.6,44.5,16.5,1997
'193902,3.8,26.8,11.5,23.4,34.5,1997
'194902,0.0,25.9,13.0,38.4,22.7,1997
'194903,3.5,23.6,17.5,19.3,36.1,1997
'194904,3.5,19.8,9.9,40.7,26.1,1997
'194905,0.0,33.3,15.4,35.9,15.4,1997
'195901,11.3,28.2,14.9,27.8,17.9,1997
'195902,8.1,24.3,20.1,27.4,20.2,1997
'196901,0.0,15.5,10.3,25.8,48.5,1997
'196902,5.8,21.2,17.5,37.9,17.5,1997
'196903,3.1,16.9,13.8,23.3,42.9,1997
'197902,0.0,17.0,24.3,29.6,29.1,1997
'198901,5.4,34.4,5.8,40.5,13.9,1997
'198902,6.7,23.4,23.4,29.8,16.7,1997
'198903,0.0,14.8,19.2,29.6,36.5,1997
'198905,10.9,34.3,11.7,27.4,15.8,1997
'198906,55.6,11.1,11.1,22.2,0.0,1997
'199901,2.7,29.6,15.8,35.8,16.1,1997
'199902,3.6,30.6,23.0,27.9,14.9,1997
'200901,4.3,20.9,16.7,35.0,23.0,1997
'200902,18.1,25.1,13.7,24.9,18.2,1997
'200904,7.3,26.0,15.9,26.0,24.7,1997
'200906,22.2,44.4,22.2,11.1,0.0,1997
'201902,4.1,17.5,18.7,33.9,25.6,1997
'201903,3.4,36.0,10.1,33.7,16.9,1997
'201904,8.3,38.9,16.7,25.1,11.1,1997
'201907,7.9,13.1,24.5,11.8,42.7,1997
'201908,2.0,20.1,21.0,42.4,14.5,1997
'201910,6.3,15.8,11.6,42.2,24.2,1997
'201913,0.0,25.5,18.4,25.5,30.6,1997
'201914,1.2,31.0,19.3,25.5,22.9,1997
'202903,2.6,30.2,19.7,25.3,22.2,1997
'202905,8.6,30.3,19.3,21.5,20.3,1997
'203901,12.6,21.1,19.0,27.4,20.0,1997
'203902,5.4,37.9,10.6,24.5,21.7,1997
'204901,9.4,47.7,13.5,15.4,14.1,1997
'204904,17.7,24.8,16.8,26.5,14.2,1997
'205901,6.9,25.7,15.3,25.4,26.7,1997
'205902,6.7,23.5,16.7,32.5,20.6,1997
'205903,0.9,19.0,17.3,31.6,31.2,1997
'205904,8.2,28.8,20.4,26.3,16.4,1997
'205905,3.5,14.6,24.6,36.3,21.1,1997
'205906,12.2,15.9,22.8,29.3,19.8,1997
'205907,8.3,32.8,15.2,25.3,18.4,1997
'206901,4.2,16.6,13.0,34.6,31.6,1997
'206902,5.1,33.4,12.6,36.1,12.6,1997
'206903,0.0,22.2,27.8,22.2,27.8,1997
'207901,1.6,14.0,16.6,43.9,23.8,1997
'208901,10.5,36.8,26.3,21.0,5.3,1997
'208902,2.7,16.0,15.1,36.3,29.8,1997
'208903,0.0,20.8,26.0,31.2,22.1,1997
'209901,6.8,6.8,27.7,31.3,27.4,1997
'209902,0.0,53.4,23.3,23.3,0.0,1997
'210901,9.2,26.4,13.2,29.3,21.8,1997
'210902,2.0,33.8,17.5,26.8,19.9,1997
'210903,4.4,35.0,16.0,15.9,28.6,1997
'210904,0.0,36.3,20.7,32.0,10.9,1997
'210905,0.0,34.4,21.3,19.7,24.6,1997
'210906,0.0,33.3,22.2,22.2,22.2,1997
'211901,25.0,33.3,8.3,16.7,16.7,1997
'211902,5.9,16.2,22.3,35.4,20.2,1997
'212901,0.0,43.5,16.1,25.8,14.5,1997
'212902,3.5,31.2,18.8,30.6,15.9,1997
'212903,7.1,20.7,19.9,34.3,18.0,1997
'212904,4.7,31.3,15.6,28.1,20.3,1997
'212905,4.0,22.8,18.8,31.0,23.4,1997
'212906,3.0,21.4,22.9,33.9,18.9,1997
'212909,3.9,25.2,18.8,31.1,21.0,1997
'212910,7.8,20.3,18.9,34.6,18.3,1997
'213901,4.3,12.2,19.8,39.4,24.3,1997
'214901,9.4,32.3,17.1,22.2,19.0,1997
'214902,3.7,18.5,14.6,37.4,25.7,1997
'214903,14.9,33.6,14.7,23.3,13.5,1997
'215901,1.6,23.7,15.3,41.1,18.3,1997
'216901,17.2,17.2,11.5,26.2,28.0,1997
'217901,10.6,16.0,26.6,24.8,21.9,1997
'218901,5.6,18.8,13.0,43.5,19.1,1997
'219901,13.9,39.8,15.9,11.9,18.4,1997
'219903,3.5,27.9,22.2,30.6,15.8,1997
'219905,5.7,25.7,20.0,22.9,25.7,1997
'220901,9.0,28.4,15.8,29.3,17.5,1997
'220902,6.8,29.9,17.8,24.5,20.9,1997
'220904,9.4,37.7,14.5,23.2,15.2,1997
'220905,9.8,27.3,15.2,27.1,20.6,1997
'220906,8.9,28.6,18.6,31.3,12.5,1997
'220907,6.0,30.9,22.3,30.2,10.6,1997
'220908,9.0,24.9,24.0,30.6,11.6,1997
'220909,0.0,13.4,6.7,60.3,19.6,1997
'220910,0.0,54.1,17.3,18.0,10.5,1997
'220912,8.7,30.1,18.8,29.8,12.6,1997
'220914,10.1,32.0,27.2,25.4,5.3,1997
'220915,8.5,27.1,13.2,29.1,22.0,1997
'220916,4.8,28.0,16.1,27.5,23.5,1997
'220917,8.6,39.1,22.9,18.6,11.0,1997
'220918,5.3,30.7,17.4,28.3,18.3,1997
'220919,5.4,27.8,23.8,29.5,13.5,1997
'220920,11.5,36.7,15.0,27.6,9.2,1997
'221901,3.9,24.1,21.8,29.7,20.6,1997
'221904,6.4,25.4,14.5,33.8,19.9,1997
'221905,5.4,21.5,13.4,32.2,27.4,1997
'221911,3.0,17.1,17.8,45.8,16.3,1997
'221912,8.6,31.4,21.7,27.3,11.0,1997
'222901,3.9,15.7,13.5,31.3,35.6,1997
'223901,6.7,23.5,15.1,34.9,19.8,1997
'223902,15.8,26.6,29.1,25.1,3.3,1997
'223903,0.0,55.1,21.3,15.7,7.9,1997
'223904,5.7,5.7,20.1,45.6,22.9,1997
'224901,0.0,20.3,20.3,40.7,18.7,1997
'224902,0.0,12.9,19.3,61.4,6.4,1997
'225902,6.2,33.0,16.3,23.0,21.4,1997
'225905,0.0,57.2,9.5,23.8,9.5,1997
'225906,17.5,30.5,24.9,24.4,2.8,1997
'225907,11.5,15.4,19.2,38.5,15.4,1997
'226901,18.2,18.2,12.1,39.4,12.1,1997
'226903,5.2,24.3,16.1,32.1,22.3,1997
'226905,13.3,29.2,21.2,23.1,13.3,1997
'226906,8.0,32.8,16.1,28.2,14.9,1997
'226907,13.5,37.1,23.7,15.6,10.1,1997
'226908,6.4,28.5,0.0,44.9,20.2,1997
'227801,32.1,48.6,0.0,10.7,8.6,1997
'227802,100.0,0.0,0.0,0.0,0.0,1997
'227901,6.1,26.9,16.0,31.3,19.7,1997
'227904,4.2,26.1,21.2,36.1,12.3,1997
'227907,14.9,31.3,21.5,26.0,6.3,1997
'227909,2.7,17.4,16.1,42.3,21.6,1997
'227910,13.8,25.3,23.2,24.9,12.8,1997
'227912,5.5,34.6,7.2,34.6,18.2,1997
'227913,3.3,28.1,19.3,35.7,13.5,1997
'228901,4.8,25.4,19.0,30.2,20.6,1997
'228903,11.8,26.1,14.0,28.1,20.0,1997
'228904,0.0,52.8,11.1,27.8,8.3,1997
'228905,8.7,45.5,13.0,30.3,2.6,1997
'229901,9.8,51.2,17.1,19.7,2.3,1997
'229903,2.6,29.5,26.9,26.2,14.9,1997
'229904,7.9,13.6,14.7,41.9,21.9,1997
'229905,17.0,34.1,23.3,17.0,8.5,1997
'229906,12.8,29.8,12.8,17.0,27.6,1997
'230901,5.0,26.0,25.2,31.1,12.6,1997
'230902,4.6,24.8,13.2,24.7,32.7,1997
'230903,11.9,29.8,20.8,25.4,12.1,1997
'230904,4.6,21.5,13.8,48.2,11.9,1997
'230905,4.5,19.3,14.8,52.5,8.9,1997
'230906,5.2,21.3,20.7,33.1,19.7,1997
'230908,0.0,23.4,24.4,35.7,16.5,1997
'231901,0.0,29.5,19.7,37.5,13.3,1997
'231902,2.8,25.0,25.0,27.7,19.5,1997
'232901,0.0,15.0,15.0,40.0,30.0,1997
'232902,4.6,23.1,16.1,27.7,28.5,1997
'232903,6.0,29.7,17.5,29.3,17.6,1997
'232904,16.3,16.3,16.3,43.6,7.4,1997
'233901,2.9,23.2,13.1,33.8,27.0,1997
'233903,0.0,26.2,13.1,28.1,32.7,1997
'234902,0.9,19.7,14.0,33.8,31.6,1997
'234903,7.9,29.9,17.5,23.8,20.8,1997
'234904,0.0,27.5,18.8,31.9,21.7,1997
'234905,9.3,18.9,21.7,31.0,19.1,1997
'234906,7.9,18.9,17.8,26.7,28.8,1997
'234907,8.3,23.1,16.1,31.0,21.5,1997
'234909,13.8,31.0,17.2,34.5,3.4,1997
'235901,9.3,19.0,31.2,23.0,17.6,1997
'235902,4.6,21.0,17.5,32.3,24.5,1997
'235904,0.0,37.0,12.6,37.8,12.6,1997
'236901,6.7,22.7,22.0,30.7,18.0,1997
'236902,5.7,28.6,16.7,31.6,17.4,1997
'237902,18.2,28.2,12.1,24.3,17.2,1997
'237904,12.3,34.7,12.1,24.4,16.5,1997
'237905,10.8,26.0,17.3,21.4,24.3,1997
'238902,5.4,21.0,15.0,29.9,28.7,1997
'238904,10.8,46.1,5.4,26.9,10.8,1997
'239901,4.2,21.1,16.7,39.7,18.3,1997
'239903,2.6,21.1,13.2,44.7,18.4,1997
'240901,3.9,26.3,13.4,32.8,23.6,1997
'240902,24.9,50.0,0.0,12.5,12.5,1997
'240903,6.6,42.9,19.6,22.2,8.7,1997
'240904,6.6,34.4,22.4,24.6,12.0,1997
'241901,8.1,23.4,21.9,32.1,14.6,1997
'241902,4.8,4.8,22.2,44.5,23.8,1997
'241903,5.5,17.5,21.1,30.5,25.4,1997
'241904,5.3,17.9,20.0,25.3,31.5,1997
'241906,12.5,32.6,22.6,24.7,7.5,1997
'242902,6.8,25.1,16.0,36.2,16.0,1997
'242903,2.9,7.2,8.3,47.3,34.4,1997
'242904,6.5,54.8,12.9,6.5,19.4,1997
'242905,0.0,50.0,0.0,50.0,0.0,1997
'242906,0.0,33.4,18.2,33.3,15.2,1997
'243901,5.7,23.8,15.0,30.8,24.8,1997
'243902,1.7,37.4,26.1,10.4,24.3,1997
'243903,2.4,18.9,21.6,39.4,17.7,1997
'243905,6.6,25.2,20.4,30.1,17.8,1997
'243906,8.3,25.0,18.7,27.1,20.8,1997
'244901,23.3,11.7,15.6,15.6,33.9,1997
'244903,4.3,11.2,13.1,43.7,27.6,1997
'244905,0.0,15.2,18.9,22.8,43.1,1997
'245901,4.2,25.1,8.4,29.4,32.9,1997
'245902,7.9,27.2,24.7,25.5,14.6,1997
'245903,7.9,28.3,14.9,27.0,21.9,1997
'245904,9.7,36.1,14.4,28.9,10.8,1997
'246902,9.3,17.9,13.0,28.7,31.1,1997
'246904,4.8,22.9,13.8,40.9,17.5,1997
'246905,11.7,31.0,24.5,18.1,14.7,1997
'246906,6.3,38.2,22.2,19.0,14.3,1997
'246907,8.5,23.4,29.8,34.0,4.3,1997
'246908,8.9,29.6,14.3,36.4,10.8,1997
'246909,3.9,25.2,20.6,33.7,16.6,1997
'246911,11.7,32.8,9.2,25.9,20.4,1997
'246912,0.0,23.2,25.9,10.7,40.1,1997
'246913,4.0,31.7,19.3,34.8,10.2,1997
'246914,0.0,75.7,21.6,0.0,2.7,1997
'247901,7.9,28.6,16.4,33.9,13.2,1997
'247903,5.7,26.8,21.9,31.7,13.8,1997
'247904,7.5,22.7,24.5,34.0,11.3,1997
'247906,8.6,27.5,17.2,33.0,13.7,1997
'248901,7.8,27.6,15.8,29.0,19.9,1997
'248902,4.8,9.5,16.7,33.4,35.7,1997
'249901,0.0,19.8,18.7,41.7,19.8,1997
'249902,7.0,20.2,20.2,34.5,18.1,1997
'249903,6.1,27.6,18.4,24.5,23.3,1997
'249904,3.8,20.9,27.8,26.6,20.9,1997
'249905,5.2,23.9,18.7,35.7,16.5,1997
'249906,12.3,38.6,17.5,19.3,12.3,1997
'249908,20.2,28.0,28.0,16.2,7.5,1997
'250902,4.0,22.0,21.3,30.8,21.9,1997
'250903,2.7,21.2,18.2,29.9,28.0,1997
'250904,2.2,9.7,17.8,45.5,24.9,1997
'250905,15.1,35.3,9.7,19.3,20.5,1997
'250906,5.3,21.3,21.3,28.2,23.9,1997
'250907,3.3,24.5,17.5,33.4,21.2,1997
'251901,7.0,10.7,12.1,40.5,29.7,1997
'251902,1.7,11.8,23.6,37.4,25.6,1997
'252901,11.3,16.3,15.4,26.9,30.0,1997
'252902,5.3,31.6,21.3,31.9,10.0,1997
'252903,5.6,30.4,16.7,29.2,18.1,1997
'253901,5.6,34.4,12.3,32.4,15.3,1997
'254901,7.6,24.4,12.2,34.5,21.3,1997
'254902,15.6,37.8,6.7,33.4,6.5,1997
'1,6.6,26.8,17.4,29.6,19.5,1997
'001902,3.4,37.8,17.2,20.6,20.9,1998
'001903,2.8,29.5,19.7,22.4,25.6,1998
'001904,3.3,18.0,14.9,36.5,27.3,1998
'001906,3.5,38.0,17.3,31.1,10.2,1998
'001907,2.2,18.6,16.7,26.4,36.1,1998
'001908,5.9,27.5,13.8,30.9,21.9,1998
'001909,3.1,42.1,16.2,20.8,17.8,1998
'002901,2.4,19.8,18.5,35.5,23.9,1998
'003902,6.1,25.0,18.0,34.1,16.9,1998
'003903,5.1,22.2,13.8,33.4,25.5,1998
'003904,6.9,30.1,13.7,30.1,19.3,1998
'003905,4.9,27.9,20.2,33.7,13.3,1998
'003906,0.0,46.8,28.0,15.8,9.3,1998
'003907,6.1,22.5,25.3,30.8,15.3,1998
'004901,1.9,21.5,22.6,32.4,21.6,1998
'005901,5.8,13.6,17.3,36.6,26.7,1998
'005902,7.5,14.9,25.4,34.3,17.9,1998
'005903,18.7,25.9,18.0,37.4,0.0,1998
'005904,0.0,35.3,20.6,20.6,23.5,1998
'006902,1.2,19.8,34.7,24.8,19.5,1998
'007901,2.4,26.7,11.8,30.6,28.5,1998
'007902,2.0,18.0,19.1,34.9,25.9,1998
